# ra, dec, B, B err, V, V err, B-V, B-V err
5.592694860000000290e+01 2.437826610000000116e+01 6.542347684447928913e+00 1.522380559051100292e-02 7.021456293479892530e+00 1.022690149774385833e-02 -4.791086090319636170e-01 1.833995013358077908e-02
5.666803029999999808e+01 2.406065800000000010e+01 1.049940319934686528e+01 1.217101515618456697e-01 1.179864230049474827e+01 7.277119199236109504e-02 -1.299239101147882991e+00 1.418062317995810728e-01
5.653751290000000296e+01 2.407149619999999857e+01 1.036543676034109041e+01 6.735872858455957402e-02 1.058537116366832365e+01 2.990382252461699572e-02 -2.199344033272332410e-01 7.369828300654061859e-02
5.668920680000000090e+01 2.382629060000000010e+01 9.418691574479115758e+00 3.848517221747818629e-02 9.486615341994777850e+00 1.381270024962112306e-02 -6.792376751566209236e-02 4.088886362806917751e-02
5.599318980000000323e+01 2.424502130000000122e+01 9.356485311869208843e+00 3.453411653446822327e-02 9.722648746930582675e+00 1.805006152338251360e-02 -3.661634350613738320e-01 3.896677977218704347e-02
5.657107740000000007e+01 2.392051239999999979e+01 8.827406340619527114e+00 5.137796210715530471e-02 9.820196183504014797e+00 1.890710977730895165e-02 -9.927898428844876832e-01 5.474645002569114571e-02
5.725998529999999676e+01 2.410417789999999982e+01 1.033003840262953688e+01 9.498351632656290566e-02 1.057983818224836270e+01 5.700655478932519643e-02 -2.497997796188258235e-01 1.107773246775114045e-01
5.720645180000000352e+01 2.421913509999999903e+01 1.102943856341235929e+01 2.768000349399180604e-01 1.076428713302004958e+01 6.432581726507771713e-02 2.651514303923097060e-01 2.841761251575508629e-01
5.734720279999999804e+01 2.421574730000000031e+01 1.080529777861569585e+01 1.584298620507897659e-01 1.104887897548037046e+01 7.444121503602950385e-02 -2.435811968646746095e-01 1.750471813125611675e-01
5.668423109999999809e+01 2.431331649999999911e+01 7.958613284178169600e+00 1.019054027308831899e-02 8.126681212937807430e+00 8.210341629132018523e-03 -1.680679287596378302e-01 1.308651293219447072e-02
5.681438080000000213e+01 2.419338979999999850e+01 9.323223751330806053e+00 1.828544918060092186e-02 9.431809717180605901e+00 1.044313731610959847e-02 -1.085859658497998481e-01 2.105746349253536515e-02
5.598025750000000045e+01 2.425054099999999835e+01 7.160706239936952322e+00 1.526645542388794553e-02 7.586599516181700587e+00 7.790566476564506244e-03 -4.258932762447482645e-01 1.713935784197670453e-02
5.617222129999999680e+01 2.439968830000000111e+01 8.217704264992676144e+00 1.474743525063753301e-02 8.357642737990028436e+00 9.567560037890152080e-03 -1.399384729973522923e-01 1.757910838325935088e-02
5.664565220000000068e+01 2.396289900000000017e+01 8.119390226714882530e+00 1.380036135409620085e-02 8.622412003876720021e+00 8.753222972908798402e-03 -5.030217771618374911e-01 1.634224237725931742e-02
5.609659189999999995e+01 2.415281639999999896e+01 1.072975616575035929e+01 1.462283351295481926e-01 1.086228621118784510e+01 4.900976226665631347e-02 -1.325300454374858106e-01 1.542228348598015664e-01
5.720447939999999676e+01 2.420166349999999866e+01 1.036804520980637356e+01 9.578509552955548345e-02 1.070208265267251768e+01 4.694214959833196282e-02 -3.340374428661441186e-01 1.066693486176710781e-01
5.623675159999999806e+01 2.409092800000000167e+01 8.496323919795216284e+00 1.927343086883443954e-02 9.468641916134430403e+00 1.331905816645744325e-02 -9.723179963392141190e-01 2.342781355349271566e-02
5.619933060000000324e+01 2.410088430000000059e+01 8.198757392404591116e+00 4.003288569523427015e-02 8.685461975301070225e+00 2.124091015264091553e-02 -4.867045828964791099e-01 4.531896072506800405e-02
5.638785620000000165e+01 2.400699780000000061e+01 1.057956803989861960e+01 1.458132199391116990e-01 1.107095260457482233e+01 8.110675591496484260e-02 -4.913845646762027286e-01 1.668526324756713086e-01
5.722877929999999935e+01 2.414180479999999918e+01 8.363718094357615485e+00 1.537433364653566399e-02 8.693689004383342578e+00 1.006358115759210976e-02 -3.299709100257270933e-01 1.837514083729541170e-02
5.590248040000000174e+01 2.423231409999999997e+01 1.068360563843184075e+01 2.046645843592856950e-01 1.053258998806269808e+01 4.626523716849442053e-02 1.510156503691426622e-01 2.098286545284418769e-01
5.666431550000000072e+01 2.410287170000000145e+01 6.907274956555858658e+00 7.194392264181613192e-03 7.170617113673562137e+00 5.083458128315657479e-03 -2.633421571177034792e-01 8.809133135175945331e-03
5.665591359999999810e+01 2.446059950000000072e+01 1.080742277768377235e+01 1.777443133230489636e-01 1.088443136656127486e+01 5.481306086920227638e-02 -7.700858887750250403e-02 1.860040659784970296e-01
5.673649350000000169e+01 2.415003540000000015e+01 1.017140021536684458e+01 4.548605662468212241e-02 1.043464262505605156e+01 2.109040629235239134e-02 -2.632424096892069798e-01 5.013767630076493981e-02
5.740063820000000305e+01 2.425961489999999898e+01 9.361469732465568683e+00 3.322243684511394513e-02 1.113018533972199720e+01 6.174570676441971245e-02 -1.768715607256428513e+00 7.011606530436011175e-02
5.599703050000000104e+01 2.432320100000000096e+01 1.168955165223012926e+01 2.570544584846062297e-01 1.085343163026078805e+01 5.852170911129835756e-02 8.361200219693412095e-01 2.636319120746226652e-01
5.666607530000000281e+01 2.435204309999999950e+01 1.016936864338856594e+01 4.849438410811495598e-02 1.013572796638635332e+01 2.153804521401060657e-02 3.364067700221262669e-02 5.306215866006732534e-02
5.725209780000000137e+01 2.423015780000000063e+01 1.150360000000000049e+01 6.014427487300848529e-01 1.117052335502584981e+01 1.257980939868597325e-01 3.330766449741506818e-01 6.144579240686272037e-01
5.712543260000000345e+01 2.434564160000000044e+01 5.052610429987935525e+00 1.589202117671250497e-02 5.504885508393204674e+00 1.119084339874410958e-02 -4.522750784052691486e-01 1.943685450519948288e-02
5.691963899999999654e+01 2.413819799999999915e+01 8.915451050001728106e+00 1.918483464303721853e-02 8.685706726721143411e+00 8.599319565792207590e-03 2.297443232805846947e-01 2.102394295262659946e-02
5.716816730000000035e+01 2.445570010000000138e+01 8.133446711870460533e+00 1.991415050681769397e-02 8.069693370884818862e+00 1.527036390610538377e-02 6.375334098564167107e-02 2.509496770735267571e-02
5.605367150000000009e+01 2.440447139999999848e+01 7.761752561359021918e+00 2.047145976660744854e-02 8.210923950893880274e+00 1.298772306432347846e-02 -4.491713895348583563e-01 2.424379539947051077e-02
5.602742239999999896e+01 2.433648260000000008e+01 1.042189030420893481e+01 4.482240414494844533e-02 1.021760556636362871e+01 2.382677924697536309e-02 2.042847378453060969e-01 5.076182938603757133e-02
5.604124809999999712e+01 2.424708839999999910e+01 7.213322027294454486e+00 1.166939167407174752e-02 7.623723696411111028e+00 7.803332452646204002e-03 -4.104016691166565423e-01 1.403804471461094980e-02
5.601812319999999801e+01 2.407419630000000055e+01 9.851963764252337441e+00 5.218639708452461889e-02 1.004116719511726608e+01 2.956549244747467067e-02 -1.892034308649286345e-01 5.997948302816023119e-02
5.599784089999999992e+01 2.414781650000000113e+01 7.351131014210784187e+00 1.617245245577966090e-02 7.414966851025563521e+00 1.028248190106584477e-02 -6.383583681477933425e-02 1.916448936132137543e-02
5.643158340000000095e+01 2.437639240000000029e+01 8.021409052631776504e+00 1.838292821329277210e-02 9.146590809832950697e+00 2.389959396146608753e-02 -1.125181757201174193e+00 3.015166067098165245e-02
5.735812099999999703e+01 2.424746209999999991e+01 5.973828375927420886e+00 8.912631981062058700e-03 6.940713894224009195e+00 7.343654416472956623e-03 -9.668855182965883088e-01 1.154834486056044961e-02
5.699300410000000028e+01 2.419680960000000169e+01 9.992396063019665320e+00 8.071767134590124293e-02 1.155127537360670331e+01 1.771352066346491561e-01 -1.558879310587037992e+00 1.946592507357530477e-01
5.641454759999999879e+01 2.399288479999999879e+01 1.155238476957651272e+01 5.334547947546062208e-01 1.089241255495708138e+01 6.939913895526982068e-02 6.599722146194313410e-01 5.379500520814286535e-01
5.715281579999999906e+01 2.422036440000000113e+01 9.155041252442371658e+00 2.997875269356086239e-02 9.273224219965548798e+00 1.959658363762941183e-02 -1.181829675231771404e-01 3.581552321729067345e-02
5.643489780000000167e+01 2.422025980000000089e+01 7.619608739978460221e+00 9.437230130949396736e-03 7.965674785656446488e+00 5.813297693193774339e-03 -3.460660456779862670e-01 1.108403097316996988e-02
5.643348459999999989e+01 2.407378110000000149e+01 9.653540599196643868e+00 7.688364739112733826e-02 1.072185714046577942e+01 3.039741166434656305e-02 -1.068316541269135556e+00 8.267465072230395506e-02
5.723739659999999674e+01 2.385545379999999938e+01 6.613035804824117569e+00 1.132174636110652548e-02 5.951501457334385847e+00 9.581613905938406867e-03 6.615343474897317222e-01 1.483203511685773739e-02
5.604584080000000057e+01 2.412152169999999884e+01 1.029630788882210446e+01 7.778819654102843428e-02 1.037197068228017294e+01 4.250023515390459472e-02 -7.566279345806847800e-02 8.864126301696549637e-02
5.654157279999999730e+01 2.418255479999999835e+01 1.091700000000000159e+01 3.618613270301207496e-01 1.101597636247641709e+01 7.822593867874494400e-02 -9.897636247641550256e-02 3.702200932987981252e-01
5.640712979999999988e+01 2.433594880000000060e+01 5.058104796367680400e+00 9.587089958217347510e-03 6.316168107528885578e+00 6.846732304890084872e-03 -1.258063311161205178e+00 1.178091834798023797e-02
5.676740329999999801e+01 2.399527730000000147e+01 6.351322965507697482e+00 7.594716297077075233e-03 6.613790692655978631e+00 5.607887430663699782e-03 -2.624677271482811491e-01 9.440768881192041634e-03
5.675597960000000342e+01 2.387517619999999852e+01 1.009568776807875778e+01 6.747621045002458184e-02 1.037200404506954854e+01 3.941465621566005856e-02 -2.763162769907907546e-01 7.814444382868609984e-02
5.675602349999999774e+01 2.437366850000000085e+01 1.078603836396459315e+01 8.599114897432159899e-02 1.059775689817281474e+01 4.334834113962204166e-02 1.882814657917784018e-01 9.629930623572019455e-02
5.651159160000000270e+01 2.373575560000000095e+01 9.426882990705472309e+00 3.157711253015884484e-02 9.105479070632998884e+00 1.508206407000210920e-02 3.214039200724734258e-01 3.499403795439964826e-02
5.610989839999999873e+01 2.439655600000000035e+01 6.288340207251300384e+00 1.555213448351900479e-02 7.021552853266421756e+00 1.015008841964980431e-02 -7.332126460151213720e-01 1.857129995235039938e-02
5.695218539999999763e+01 2.425242769999999837e+01 1.028861103205526817e+01 8.688299581818041684e-02 1.034051294211284322e+01 3.695852365309836712e-02 -5.190191005757505138e-02 9.441709290673266919e-02
5.729117550000000136e+01 2.405274329999999949e+01 5.197175995107271795e+00 1.884344615824293939e-02 3.886996072409695913e+00 1.001721140343386600e-02 1.310179922697575883e+00 2.134057139393615368e-02
5.662358950000000135e+01 2.437457909999999828e+01 1.074043324258631493e+01 8.288903692619357944e-02 1.062364074602840169e+01 3.801543828229684424e-02 1.167924965579132390e-01 9.119082185366575444e-02
5.705643680000000018e+01 2.431849910000000037e+01 5.585118477772494039e+00 1.305363985196946255e-02 7.117255691779828197e+00 1.068472615454849409e-02 -1.532137214007334158e+00 1.686893257982312322e-02
5.660659420000000353e+01 2.394668529999999862e+01 8.402293073523322775e+00 3.600602268627885183e-02 9.208817641616706240e+00 1.557294810472611112e-02 -8.065245680933834649e-01 3.922945809410728624e-02
5.671751820000000066e+01 2.399358780000000024e+01 1.050085877033855297e+01 8.981437642013741229e-02 1.087439475378288201e+01 3.734524324187518673e-02 -3.735359834443290339e-01 9.726915957554561898e-02
5.630238489999999985e+01 2.446731670000000136e+01 3.728722921522591882e+00 1.898088533022200194e-02 5.992240000000000677e+00 1.582668632405406783e-02 -2.263517078477408795e+00 2.471351872799656263e-02
5.645407720000000040e+01 2.394818970000000036e+01 9.962431507082882831e+00 6.113884718521366002e-02 1.001843540698470036e+01 2.982961038707379955e-02 -5.600389990181753319e-02 6.802767297932164892e-02
5.703045560000000336e+01 2.409034030000000115e+01 9.986100000000000421e+00 1.292276286248416617e-01 1.173973822590734706e+01 2.919118764467755200e-01 -1.753638225907346637e+00 3.192370962320599803e-01
5.679632740000000268e+01 2.420566760000000173e+01 1.078462699713780815e+01 7.295233228458559982e-02 1.017642045285224661e+01 2.239677934340944879e-02 6.082065442855615345e-01 7.631289871783120127e-02
5.703799550000000096e+01 2.424675440000000037e+01 8.920880353590435519e+00 2.310000311426097311e-02 9.163793171213518107e+00 1.370031620871823945e-02 -2.429128176230825886e-01 2.685719285587632316e-02
5.692415590000000236e+01 2.397200429999999827e+01 1.046208959757518642e+01 7.726545844464052792e-02 1.059417797877602396e+01 4.727996073226756191e-02 -1.320883812008375457e-01 9.058336356917441601e-02
5.657863119999999668e+01 2.433424940000000092e+01 1.069061631708194859e+01 7.514912603046194906e-02 1.048293577479582872e+01 2.797063026419321224e-02 2.076805422861198736e-01 8.018570508836631028e-02
5.739012309999999673e+01 2.403097500000000153e+01 1.075838155892810732e+01 8.709298026193443287e-02 1.097240880947861186e+01 5.541341938898350361e-02 -2.140272505505045331e-01 1.032271004111084828e-01
5.693050649999999990e+01 2.431836750000000080e+01 1.037522261393713663e+01 9.797336880153841021e-02 1.157879822095573275e+01 1.155617572606550958e-01 -1.203575607018596116e+00 1.515034677342166625e-01
5.620172360000000111e+01 2.428850879999999890e+01 4.566659690908823954e+00 1.299677882899419323e-02 5.276949429965650751e+00 7.927180269214361558e-03 -7.102897390568267966e-01 1.522354909179896715e-02
5.596136609999999934e+01 2.424765090000000001e+01 7.730614118801717005e+00 1.645422021342494989e-02 8.214177650517992646e+00 9.151248505692665541e-03 -4.835635317162756408e-01 1.882781750614830052e-02
5.683117130000000117e+01 2.413922600000000074e+01 6.557932959258997663e+00 9.876275108502247449e-03 6.726061863883727732e+00 5.636503418732175842e-03 -1.681289046247300689e-01 1.137149861751741986e-02
5.658702370000000315e+01 2.398198190000000096e+01 9.152840434182152762e+00 6.255626414129898671e-02 9.760998715643527390e+00 2.573290475851365555e-02 -6.081582814613746280e-01 6.764220997740023889e-02
5.611647479999999888e+01 2.417132820000000137e+01 9.970483492312684604e+00 4.671964272048304001e-02 9.764721732617193339e+00 1.874603285293287985e-02 2.057617596954912642e-01 5.034023007151261497e-02
5.645368700000000217e+01 2.385268819999999934e+01 1.106540358726382145e+01 2.382961367399632213e-01 1.041520405629388435e+01 4.332156416331778975e-02 6.501995309699371006e-01 2.422019956704480059e-01
5.640456780000000236e+01 2.391296140000000037e+01 9.567104258628793545e+00 4.101770584952540294e-02 9.472208071657103545e+00 2.008128731061485997e-02 9.489618697168999972e-02 4.566957732681190679e-02
5.652956919999999741e+01 2.414183620000000019e+01 1.091961098187016788e+01 1.868991648579078901e-01 1.132668937257118102e+01 6.124584319835238433e-02 -4.070783907010131486e-01 1.966782934989537435e-01
5.633423049999999677e+01 2.429304060000000121e+01 1.098085903861408674e+01 2.245569242162455403e-01 1.167074269073353321e+01 9.160542608098286299e-02 -6.898836521194464666e-01 2.425229191250572458e-01
5.733646889999999985e+01 2.426549729999999983e+01 9.925006954747772170e+00 5.349995336264395940e-02 9.936059130765368508e+00 2.619700413502717637e-02 -1.105217601759633794e-02 5.956952270629427976e-02
5.662396019999999908e+01 2.388434669999999826e+01 1.027050165245108815e+01 1.367942723316996068e-01 1.075078227104486928e+01 5.172304771194611434e-02 -4.802806185937811279e-01 1.462461849327067187e-01
5.702013490000000218e+01 2.407191759999999903e+01 8.926677337804246548e+00 1.944060053842121966e-02 9.074702471205554843e+00 1.017166870996595932e-02 -1.480251334013082953e-01 2.194082481676028554e-02
5.600060839999999729e+01 2.420082169999999877e+01 7.859008399673410139e+00 1.729223062932297786e-02 8.177172339571470161e+00 9.269773202148216817e-03 -3.181639398980600220e-01 1.962014106363562868e-02
5.618211579999999827e+01 2.418276529999999980e+01 1.378000000000000114e+01 1.222344059583879983e-01 1.127944513971384843e+01 1.254962135973141102e-01 2.500554860286152703e+00 1.751871845406012818e-01
5.618178470000000146e+01 2.422907909999999987e+01 8.098673779724640198e+00 1.385794815546079195e-02 8.202482089606750293e+00 9.161614456750632324e-03 -1.038083098821100947e-01 1.661258277732819560e-02
5.642982580000000326e+01 2.427025180000000049e+01 8.743994701394202096e+00 1.240769403588939598e-02 8.898161096020524852e+00 1.045750533325949180e-02 -1.541663946263227558e-01 1.622683854247018720e-02
5.657910960000000244e+01 2.428067240000000027e+01 1.167232661709474328e+01 3.073694986868854562e-01 1.180670961009481879e+01 9.966299408797178738e-02 -1.343829930000755013e-01 3.231233837307451728e-01
5.610114320000000276e+01 2.442637410000000031e+01 9.741055442446581836e+00 5.087692301202456635e-02 9.170288963612335920e+00 1.895605944134757734e-02 5.707664788342459161e-01 5.429358603661556953e-02
5.635937179999999813e+01 2.446769799999999861e+01 1.299000000000000021e+01 9.900505037623080762e-02 1.285560000000000080e+01 6.685150746243498920e-01 1.343999999999994088e-01 6.758064848756633047e-01
5.691647689999999926e+01 2.400343260000000001e+01 8.307538756144239755e+00 2.342857917354602276e-02 8.338841521007575253e+00 1.398829595823804575e-02 -3.130276486333549713e-02 2.728682366832705167e-02
5.656374989999999769e+01 2.398558500000000038e+01 9.216099527097394883e+00 2.941918018500637444e-02 9.574447512285770401e+00 1.296193077418342221e-02 -3.583479851883755174e-01 3.214809188976221199e-02
5.720786590000000160e+01 2.435600829999999917e+01 1.101660000000000039e+01 3.864560841803374447e-01 1.136721125348102568e+01 1.462846128811549906e-01 -3.506112534810252868e-01 4.132160366754773495e-01
5.665549750000000273e+01 2.434393860000000132e+01 9.413844924764683597e+00 2.565076436748894156e-02 9.355855308911667834e+00 1.249761949243789229e-02 5.798961585301576349e-02 2.853335251270351647e-02
5.728130389999999750e+01 2.401124589999999870e+01 1.084045607713006909e+01 1.041391904091819726e-01 1.064191625678062181e+01 2.810266440197102186e-02 1.985398203494472824e-01 1.078644089844730258e-01
5.687241060000000203e+01 2.428825760000000145e+01 5.938993217905803590e+00 8.986692104107022600e-03 7.512084392819601497e+00 1.108451856748725317e-02 -1.573091174913797907e+00 1.426979981804191860e-02
5.639723169999999897e+01 2.408289860000000004e+01 7.028186094565967323e+00 9.579746340824481579e-03 7.424244985815523279e+00 5.705713315748166606e-03 -3.960588912495559555e-01 1.115018853634529294e-02
5.623449829999999849e+01 2.456554450000000145e+01 1.373909423664500018e+01 8.656507498034773929e-02 1.152890000000000192e+01 2.328628888423400212e-01 2.210194236644998256e+00 2.484323594187223261e-01
5.646061149999999884e+01 2.387376370000000136e+01 1.005404486895615079e+01 3.765172712433678681e-02 9.793650235924500791e+00 1.604855961081572829e-02 2.603946330316500024e-01 4.092931493474358945e-02
5.669218479999999971e+01 2.404246059999999829e+01 1.039996527767458545e+01 1.285088359411162284e-01 1.135730057943649207e+01 5.406263688115898330e-02 -9.573353017619066208e-01 1.394176804479431153e-01
5.689779089999999684e+01 2.421584190000000092e+01 9.094155144487894304e+00 2.048598096138390043e-02 8.956312094878914110e+00 1.226826773491439433e-02 1.378430496089801949e-01 2.387856380031523618e-02
5.733399179999999973e+01 2.402500390000000152e+01 1.039384274387185769e+01 7.264944631228389960e-02 1.033291373223739562e+01 3.136881168513848406e-02 6.092901163446207136e-02 7.913244843943034734e-02
5.634292529999999743e+01 2.446835259999999934e+01 1.279736655576089177e+01 9.534018369803431980e-02 1.126642779675999329e+01 9.600498524789199961e-02 1.530938759000898486e+00 1.353022831293799189e-01
5.741953900000000033e+01 2.403728479999999834e+01 8.973166334091988716e+00 2.607285519000397331e-02 8.984157277377551765e+00 1.410118132554979802e-02 -1.099094328556304845e-02 2.964181324640838278e-02
5.702944469999999910e+01 2.414189890000000105e+01 7.107184560513015725e+00 8.500652479864111155e-03 7.126747056889445986e+00 7.218860911926286775e-03 -1.956249637643026063e-02 1.115226638173412096e-02
5.656467239999999919e+01 2.393192940000000135e+01 8.135099999999999554e+00 5.731409076309245537e-02 8.965777648567074820e+00 2.939780945301317255e-02 -8.306776485670752663e-01 6.441378890141202795e-02
5.661402739999999767e+01 2.388884080000000054e+01 1.014442862726374450e+01 5.722383779225413691e-02 1.054539528045502017e+01 3.608945956200475952e-02 -4.009666531912756682e-01 6.765365254848987320e-02
5.669029160000000189e+01 2.434232120000000066e+01 9.339891924539299950e+00 2.377202670998692854e-02 9.432291137812695681e+00 1.254607744956132143e-02 -9.239921327339573054e-02 2.687960775887034831e-02
5.665955050000000170e+01 2.419122409999999945e+01 1.108573449772075925e+01 1.885372807834558295e-01 1.151902021372545093e+01 6.770164762552863258e-02 -4.332857160046916789e-01 2.003242854384632843e-01
5.691810699999999912e+01 2.430201620000000062e+01 1.019726520241493795e+01 8.091844132333923800e-02 1.045793561903088609e+01 4.076833374334764420e-02 -2.606704166159481417e-01 9.060822910976504274e-02
5.663404119999999864e+01 2.398257750000000144e+01 9.583168923624356239e+00 3.202263895154457835e-02 9.547000099703200959e+00 1.581811509093358423e-02 3.616882392115527978e-02 3.571641318009131927e-02
5.609793909999999784e+01 2.413262080000000154e+01 6.114205153290207306e+00 1.334506323972793444e-02 6.842983715024595348e+00 7.095588000880382468e-03 -7.287785617343880418e-01 1.511416825202682203e-02
5.653108869999999797e+01 2.431374029999999919e+01 1.113693344301894861e+01 1.890632977114233559e-01 1.166213789107882626e+01 7.250232858996424889e-02 -5.252044480598776488e-01 2.024883161875900561e-01
5.633423880000000139e+01 2.410770039999999881e+01 9.780736916166270944e+00 3.315179259908627302e-02 9.847646063462532240e+00 2.466797087329425722e-02 -6.690914729626129542e-02 4.132251371272717411e-02
5.617308059999999870e+01 2.417500370000000132e+01 1.344580000000000020e+01 1.107519751516874845e-01 1.096757347748438960e+01 8.762926652991850918e-02 2.478226522515610597e+00 1.412263727232682953e-01
5.737483000000000288e+01 2.427098649999999935e+01 9.575850423593717409e+00 4.379099026944635598e-02 1.124489131707812639e+01 7.334666733122247040e-02 -1.669040893484408983e+00 8.542472965936598328e-02
5.658193109999999848e+01 2.391679179999999860e+01 8.658093766873923514e+00 2.526831986310241335e-02 9.557367609752747128e+00 1.457591418983485154e-02 -8.992738428788236149e-01 2.917096609941955548e-02
5.651760300000000115e+01 2.404547919999999905e+01 8.442977645112469176e+00 1.171567375015284546e-02 8.289449746819633091e+00 6.992643282734905576e-03 1.535278982928360847e-01 1.364382906297195025e-02
5.732141239999999982e+01 2.418362049999999996e+01 1.039573989119067221e+01 9.906972450696875654e-02 1.034871213941697299e+01 4.108836268613117598e-02 4.702775177369922233e-02 1.072523373270426322e-01
5.700665829999999801e+01 2.408804710000000071e+01 8.934093658230796819e+00 2.093746640962886041e-02 8.879614340878401180e+00 9.681004871991312488e-03 5.447931735239563977e-02 2.306727888126071033e-02
5.634743029999999919e+01 2.418616910000000075e+01 1.053694338093320582e+01 2.349661842280607593e-01 1.172745238283946101e+01 1.282008819386155907e-01 -1.190509001906255193e+00 2.676650404153180229e-01
5.655976090000000056e+01 2.409384430000000066e+01 1.060399999999999920e+01 1.853325254778556141e-01 1.128717734152367136e+01 1.353993247086925367e-01 -6.831773415236721547e-01 2.295236853389426568e-01
5.630216080000000289e+01 2.412499740000000159e+01 8.425457175667798282e+00 2.002799200652275249e-02 8.494103781575276457e+00 9.802893553348167657e-03 -6.864660590747817537e-02 2.229836733556101250e-02
5.611163140000000027e+01 2.419883490000000137e+01 1.026769541428357968e+01 6.914985110240533250e-02 1.035646436121183989e+01 3.130577298578198636e-02 -8.876894692826020616e-02 7.590621403891874286e-02
5.658968420000000066e+01 2.392852089999999876e+01 8.738900000000001000e+00 6.298984045066315096e-02 9.184769260538764968e+00 3.126129341664480449e-02 -4.458692605387639674e-01 7.032061195753033789e-02
5.665528869999999984e+01 2.384832270000000065e+01 1.006053624794447821e+01 7.498400078765439514e-02 9.953168042414016981e+00 2.676571192548819755e-02 1.073682055304612248e-01 7.961786048997533671e-02
5.719228939999999994e+01 2.414935369999999892e+01 9.483054152319214225e+00 4.392421635829930199e-02 9.957731235278185267e+00 2.710973654225842452e-02 -4.746770829589710416e-01 5.161661164858993150e-02
5.602231530000000248e+01 2.439689230000000109e+01 1.040710772948090224e+01 8.758487142253837399e-02 9.588452331414956120e+00 2.315521408983409885e-02 8.186553980659461160e-01 9.059400444647885964e-02
5.705750749999999982e+01 2.435954690000000156e+01 1.091040992762025930e+01 2.126476816359074706e-01 1.150776169086488032e+01 1.562904527326877679e-01 -5.973517632446210257e-01 2.639047974564213694e-01
5.671954300000000160e+01 2.417286909999999978e+01 1.008119335736376243e+01 3.619011598766055243e-02 1.026527601628519193e+01 1.738799475337462347e-02 -1.840826589214294984e-01 4.015055238404208193e-02
5.718355999999999995e+01 2.388835429999999960e+01 1.081071637683592535e+01 1.009422564006594858e-01 1.095624908467760861e+01 5.027661674897761224e-02 -1.455327078416832620e-01 1.127700195928867388e-01
5.620485539999999958e+01 2.416331100000000021e+01 8.551958629268467504e+00 1.645735353322390349e-02 8.141744078062792767e+00 9.327961948170876080e-03 4.102145512056747378e-01 1.891706529628845931e-02
5.663271019999999822e+01 2.386158100000000104e+01 7.746494189970809963e+00 1.466772448574579953e-02 8.036122895611086392e+00 8.709073408781563622e-03 -2.896287056402764293e-01 1.705843196865682032e-02
5.623139319999999941e+01 2.426698830000000129e+01 8.436899999999999622e+00 6.235499178093122097e-02 1.181295641479923297e+01 3.391778928050614983e-01 -3.376056414799233352e+00 3.448619839409409193e-01
5.687115409999999827e+01 2.410536670000000115e+01 3.696040430544264677e+00 2.049845853483857686e-02 3.785224932986813506e+00 1.118169024762613942e-02 -8.918450244254882975e-02 2.334988220737642395e-02
5.623529049999999785e+01 2.432998260000000101e+01 1.112490000000000023e+01 2.074790230360650245e-01 1.213032083283636631e+01 3.282481769040445641e-01 -1.005420832836366074e+00 3.883225600461926996e-01
5.601438879999999898e+01 2.424419609999999992e+01 8.733606471041863273e+00 2.303295852552358913e-02 9.058948349085017782e+00 1.204758716367541026e-02 -3.253418780431545088e-01 2.599349024092082600e-02
5.702691389999999672e+01 2.428884589999999832e+01 1.007600971072645990e+01 7.732594858645727709e-02 1.029812783429085599e+01 4.388136389436173707e-02 -2.221181235643960861e-01 8.890937195833084616e-02
5.729997420000000119e+01 2.404257630000000034e+01 8.549500000000000099e+00 5.804498255663446959e-02 9.602058238577756200e+00 3.429758095003244273e-02 -1.052558238577756100e+00 6.742065009345452054e-02
5.615236300000000114e+01 2.431947530000000057e+01 9.874213369967089093e+00 4.395625735255367927e-02 1.013991095381313734e+01 2.297067859903094769e-02 -2.656975838460482464e-01 4.959641756965827569e-02
5.618342119999999795e+01 2.410753090000000043e+01 1.048136909929188576e+01 4.521885695880738937e-02 1.242629999999999946e+01 3.811475370509430083e-01 -1.944930900708113697e+00 3.838205179828992342e-01
5.656681729999999675e+01 2.418978900000000110e+01 5.792137902190108711e+00 6.823016535323834196e-03 6.349193571152471627e+00 5.110196281905589159e-03 -5.570556689623629154e-01 8.524532871712335591e-03
5.648961909999999875e+01 2.437738540000000143e+01 9.644441838159261593e+00 3.373935893580280038e-02 9.944593725948907448e+00 2.704047917857560143e-02 -3.001518877896458548e-01 4.323808339422455238e-02
5.717194299999999885e+01 2.442331199999999924e+01 1.088457863055202779e+01 2.031522646109975849e-01 1.132398452116975562e+01 1.170665421413616680e-01 -4.394058906177278345e-01 2.344683729322826760e-01
5.721417120000000267e+01 2.429147449999999964e+01 9.368950397477572523e+00 3.831845880078559724e-02 9.329000829711251441e+00 2.234154092800367045e-02 3.994956776632108131e-02 4.435593236428658770e-02
5.655339020000000261e+01 2.405439399999999850e+01 1.025464104306858282e+01 4.371699865658813799e-02 1.056773917518946249e+01 1.914889537790613605e-02 -3.130981321208796686e-01 4.772689143170885662e-02
5.728565019999999919e+01 2.432300199999999890e+01 9.704275839446871998e+00 4.371068790323878045e-02 9.883743937661245482e+00 2.329713913062618491e-02 -1.794680982143734838e-01 4.953161544555253343e-02
5.601354220000000339e+01 2.413189339999999916e+01 9.839995448474933681e+00 5.149507396290776279e-02 9.641104442442484768e+00 2.241237336322745091e-02 1.988910060324489137e-01 5.616099288846350401e-02
5.609634239999999750e+01 2.406738160000000093e+01 1.038024450405344545e+01 8.219141432203563857e-02 9.822612438139715962e+00 2.366489719051533339e-02 5.576320659137294911e-01 8.553043871800369846e-02
5.710992439999999704e+01 2.430748099999999923e+01 8.299940772277722090e+00 2.050893708250712405e-02 8.574555183319320761e+00 1.417019315853778987e-02 -2.746144110415986717e-01 2.492811413654284075e-02
5.647439889999999707e+01 2.415931510000000060e+01 1.041580933911037299e+01 2.180786443002377117e-01 1.151259140607510290e+01 1.126544893055605040e-01 -1.096782066964729907e+00 2.454573874637433761e-01
5.663906709999999833e+01 2.384722819999999999e+01 8.827958689887053012e+00 2.368191120835762276e-02 8.552256020524795943e+00 1.260895225445671404e-02 2.757026693622570690e-01 2.682943524257831724e-02
5.704711609999999666e+01 2.414617450000000076e+01 1.101689999999999969e+01 3.102660148968945375e-01 1.160849432628822342e+01 1.324353996261215527e-01 -5.915943262882237264e-01 3.373486847078709383e-01
5.675507470000000154e+01 2.408898840000000163e+01 8.832955136584944356e+00 1.480972178075543738e-02 8.993056154233405763e+00 7.687614542054559824e-03 -1.601010176484614078e-01 1.668614025383314062e-02
5.722846479999999758e+01 2.430800169999999838e+01 1.048082671205368399e+01 1.095211447751345546e-01 1.051193478180955587e+01 5.328710835766063691e-02 -3.110806975587188106e-02 1.217965396469745804e-01
5.686565960000000075e+01 2.434798539999999889e+01 1.117521908659474583e+01 2.515875326642710297e-01 1.155065962898325260e+01 1.486287577045549146e-01 -3.754405423885067705e-01 2.922101884070693045e-01
5.692903689999999983e+01 2.428200220000000087e+01 8.427251997684271245e+00 1.682481560382770649e-02 8.648991433354010994e+00 1.054333082907369344e-02 -2.217394356697397484e-01 1.985538327693777208e-02
5.624114519999999828e+01 2.412758579999999853e+01 8.390800000000000480e+00 6.132307885290822630e-02 8.940030200675799676e+00 3.189218207671434130e-02 -5.492302006757991961e-01 6.912041143985110658e-02
5.712878510000000176e+01 2.427487890000000093e+01 8.460747502410159271e+00 1.668518698791647548e-02 8.230331737584936747e+00 1.167635887159342370e-02 2.304157648252225243e-01 2.036499008887496937e-02
5.664256850000000298e+01 2.413812730000000073e+01 8.452899207659937630e+00 1.072185199315368355e-02 8.574393144423821056e+00 6.949681427043833543e-03 -1.214939367638834256e-01 1.277717426117729906e-02
5.606258160000000146e+01 2.405524199999999979e+01 1.095051057603373224e+01 1.922423084499192414e-01 1.071512210920000463e+01 5.869125342602903722e-02 2.353884668337276054e-01 2.010019114010417884e-01
5.707985450000000327e+01 2.406203590000000148e+01 8.947169242118663490e+00 1.912290253556373637e-02 9.040186687635882734e+00 9.804593685195640146e-03 -9.301744551721924381e-02 2.148989201267536078e-02
5.714471569999999900e+01 2.418119929999999940e+01 6.842120851984505592e+00 1.030292561977242359e-02 7.098250528656874891e+00 7.143283741695193381e-03 -2.561296766723692997e-01 1.253701634923277269e-02
5.724813730000000334e+01 2.388502019999999959e+01 1.079011124093142904e+01 9.539760358342773416e-02 9.891456948523634551e+00 2.076259645499436632e-02 8.986542924077944861e-01 9.763087719063967551e-02
5.720607100000000145e+01 2.397659670000000176e+01 1.028068524008394746e+01 8.644526219113331245e-02 9.190203147912004766e+00 1.401695767247037455e-02 1.090482092171942696e+00 8.757430249614099604e-02
5.710897889999999677e+01 2.423892950000000113e+01 1.152510000000000012e+01 6.160299870947841816e-01 1.113389219582126621e+01 8.114939188936641512e-02 3.912078041787339089e-01 6.213518880666686339e-01
5.691825570000000312e+01 2.436451620000000062e+01 7.591011105406044734e+00 1.250098054236127403e-02 8.293592189491574729e+00 1.328944787046674146e-02 -7.025810840855299944e-01 1.824510726804170341e-02
5.679243139999999812e+01 2.427692479999999975e+01 7.290430404534459008e+00 8.580823109637977092e-03 7.510831672762105171e+00 6.129558187138606923e-03 -2.204012682276461632e-01 1.054523630879911078e-02
5.602673690000000306e+01 2.417660120000000035e+01 1.013005557592646966e+01 7.095042377812851853e-02 1.037016726832560920e+01 3.025870954953177594e-02 -2.401116923991395424e-01 7.713333998926112656e-02
5.663201709999999878e+01 2.432428579999999840e+01 1.018286088218674124e+01 3.894286268377047250e-02 1.030162070165503962e+01 1.863870609573288484e-02 -1.187598194682983888e-01 4.317346313338915609e-02
5.693280459999999721e+01 2.414771299999999954e+01 1.182290000000000063e+01 6.452817369180690044e-01 1.090521393006353357e+01 4.180918580978210813e-02 9.176860699364670637e-01 6.466347717360062530e-01
5.706973729999999989e+01 2.417857049999999930e+01 1.007469798968629249e+01 6.262317344353370008e-02 1.027010031976230131e+01 3.441298992501534010e-02 -1.954023300760088233e-01 7.145569066014345605e-02
5.712459350000000313e+01 2.426457729999999913e+01 1.075646332602456390e+01 2.268733432886992918e-01 1.094928128056241867e+01 8.952689256741903912e-02 -1.928179545378547743e-01 2.438987051785437010e-01
5.704152330000000148e+01 2.432874229999999827e+01 1.038425628693018687e+01 1.082474907996614222e-01 1.055305024523468660e+01 6.424603239726685289e-02 -1.687939583044997249e-01 1.258772097848273874e-01
5.609148859999999814e+01 2.397119380000000177e+01 9.707928455987424599e+00 4.073423096159924095e-02 9.380359857978348259e+00 1.609950693933072732e-02 3.275685980090763394e-01 4.380036182182138471e-02
5.676046230000000037e+01 2.414977800000000130e+01 1.114467212853507760e+01 1.591869961287582513e-01 1.161762685614652213e+01 6.575317686474387024e-02 -4.729547276114445253e-01 1.722323430842871150e-01
5.623205269999999700e+01 2.436008460000000042e+01 1.224736073854091067e+01 9.068148314652905162e-01 1.146879951278594589e+01 8.921660877400497403e-02 7.785612257549647808e-01 9.111930321543054712e-01
5.634714079999999825e+01 2.434490219999999994e+01 1.031910841774942078e+01 5.603810264432711186e-02 1.035698261808855136e+01 2.967679857713382760e-02 -3.787420033913058148e-02 6.341120817145745603e-02
5.638847450000000094e+01 2.428368460000000084e+01 1.079037126478896980e+01 1.138213336326990288e-01 1.060311843855741110e+01 2.919327227522674345e-02 1.872528262315587000e-01 1.175055025778014572e-01
5.625483179999999805e+01 2.458534099999999967e+01 9.465506991846135421e+00 3.794830509350702319e-02 9.003458231548439272e+00 1.645688834361776209e-02 4.620487602976961483e-01 4.136306363682691611e-02
5.667529129999999782e+01 2.395203259999999901e+01 1.126390000000000136e+01 3.889802372871917768e-01 1.097620276616884993e+01 6.316228776555671276e-02 2.876972338311514221e-01 3.940749923501604690e-01
5.594472420000000312e+01 2.441105100000000050e+01 1.266106940062261899e+01 6.393494700942792264e-02 1.118504056331611984e+01 6.664942350130341475e-02 1.476028837306499142e+00 9.235704143244548303e-02
5.718017429999999734e+01 2.409209540000000160e+01 1.108199999999999896e+01 4.100953303806323946e-01 1.121986781213667506e+01 1.046494327181959477e-01 -1.378678121366760934e-01 4.232371483792984335e-01
5.606036530000000084e+01 2.428892030000000091e+01 1.058565712331255959e+01 1.279842519281445545e-01 1.026019008502567154e+01 3.109743022174389290e-02 3.254670382868880552e-01 1.317080821665967683e-01
5.726297859999999673e+01 2.406033319999999875e+01 1.005665367637103458e+01 5.755432130934938495e-02 9.044184134694777555e+00 1.350774912083011446e-02 1.012469541676257023e+00 5.911817984081644411e-02
5.679497090000000270e+01 2.404434949999999915e+01 1.047328232720618146e+01 6.435138184691822916e-02 1.074520961801095886e+01 3.689504467340264798e-02 -2.719272908047773996e-01 7.417779092868871660e-02
5.682843259999999930e+01 2.395075599999999838e+01 1.022462897753944766e+01 9.492933085276462901e-02 1.065691649781816785e+01 3.595929646800585106e-02 -4.322875202787201943e-01 1.015118163497609194e-01
5.724537939999999736e+01 2.426808940000000092e+01 9.535634740831721246e+00 4.684923616670614438e-02 9.784962156093541807e+00 2.327405501400953841e-02 -2.493274152618205619e-01 5.231187786916991628e-02
5.615973329999999919e+01 2.451249569999999878e+01 8.573358222452032606e+00 2.256154485435849996e-02 8.516449522167587105e+00 1.507174370544584092e-02 5.690870028444550144e-02 2.713265126260013677e-02
5.666438130000000228e+01 2.402954409999999896e+01 8.762598564754606301e+00 1.901588329581516482e-02 9.030841646578499748e+00 8.010134779562997839e-03 -2.682430818238934478e-01 2.063409985210954214e-02
5.645501079999999661e+01 2.410334140000000147e+01 1.057051893400936216e+01 1.095257845582034706e-01 1.089409153499070193e+01 3.812431486601020048e-02 -3.235726009813397752e-01 1.159713795170717460e-01
5.697255489999999867e+01 2.399846619999999930e+01 1.139346647113750421e+01 3.619792585664352025e-01 1.110897751596670169e+01 7.924471731479262870e-02 2.844889551708025266e-01 3.705518976534967202e-01
5.624291120000000177e+01 2.438965419999999895e+01 1.028290000000000148e+01 1.385347609807733582e-01 1.230000000000000071e+01 4.653484930672925346e-01 -2.017099999999999227e+00 4.855317703302226007e-01
5.672680830000000185e+01 2.411157049999999913e+01 9.971041384424138343e+00 7.060216147696658784e-02 1.051734011677186409e+01 2.836481645659359729e-02 -5.462987323477257462e-01 7.608697666378858027e-02
5.664374689999999646e+01 2.380087070000000082e+01 9.462694458156747146e+00 3.076458910481962364e-02 9.420040379852654411e+00 1.698470662970701789e-02 4.265407830409273515e-02 3.514171598094777138e-02
5.625606369999999856e+01 2.409250460000000160e+01 8.879146894521193545e+00 2.329439995152943546e-02 9.283264457328384012e+00 1.418981535833026969e-02 -4.041175628071904669e-01 2.727599547230714905e-02
5.616608889999999832e+01 2.424317209999999889e+01 1.320901094158243083e+01 7.859147716007781892e-02 1.147032310296002855e+01 1.290960446974928622e-01 1.738687838622402282e+00 1.511370538244679040e-01
5.614684439999999910e+01 2.406182259999999928e+01 8.435484414201853909e+00 1.885644210292386838e-02 8.345155088451463143e+00 9.168226271505267727e-03 9.032932575039076539e-02 2.096715960130125442e-02
5.619853580000000193e+01 2.444140850000000142e+01 1.059548209668464303e+01 1.390778828167238412e-01 1.169897130671695962e+01 1.308262472415963884e-01 -1.103489210032316592e+00 1.909402117315827929e-01
5.630262330000000048e+01 2.422726300000000066e+01 1.441520000000000046e+01 1.507647173578752220e-01 1.158730000000000082e+01 3.432170158951912686e-01 2.827899999999999636e+00 3.748705376526674793e-01
5.739611759999999663e+01 2.408087439999999901e+01 1.096178003150641267e+01 1.319545328151374430e-01 1.114541616898216958e+01 5.051583391764156994e-02 -1.836361374757569109e-01 1.412934825349560497e-01
5.688563330000000207e+01 2.396565610000000035e+01 1.042993328593134095e+01 7.861663421748218972e-02 1.033160886593032757e+01 3.007264373988249515e-02 9.832442000101337953e-02 8.417208015245485064e-02
5.617408029999999997e+01 2.428700189999999992e+01 9.109880197433916749e+00 2.157590125971985823e-02 9.360234592074085924e+00 1.400898649849064218e-02 -2.503543946401691755e-01 2.572491434162753679e-02
5.605320729999999685e+01 2.441905360000000158e+01 1.453010000000000090e+01 1.570637131867192449e-01 1.172170087286979623e+01 1.497915797956391737e-01 2.808399127130204675e+00 2.170403819054724792e-01
5.634079770000000309e+01 2.425176610000000110e+01 1.047816485656598040e+01 1.241568373111871515e-01 1.094648018460697614e+01 4.196294920870675266e-02 -4.683153280409957375e-01 1.310565120755511903e-01
5.653067240000000027e+01 2.437423940000000044e+01 1.067350000000000065e+01 2.443565427812400548e-01 1.197921802438395211e+01 1.310915171265293333e-01 -1.305718024383951459e+00 2.772996679812926302e-01
5.621444530000000128e+01 2.431551380000000151e+01 1.016920678066872163e+01 8.601345351434044884e-02 1.009440235331944891e+01 2.661411238377570793e-02 7.480442734927272852e-02 9.003679894043239984e-02
5.602015420000000034e+01 2.427535770000000070e+01 8.198862350463883786e+00 1.410091179759880367e-02 8.205541074500434462e+00 9.343323192089414420e-03 -6.678724036550676146e-03 1.691547817223908873e-02
5.635686869999999971e+01 2.406919570000000164e+01 9.756694562347611566e+00 3.210569111490672867e-02 9.647983948165078871e+00 1.519546169818944588e-02 1.087106141825326944e-01 3.552009935497003890e-02
5.613271389999999883e+01 2.421894520000000028e+01 1.033619890837165478e+01 1.045248990998478289e-01 1.101885137798752723e+01 5.498414986720631670e-02 -6.826524696158724481e-01 1.181046623484982294e-01
5.681096449999999720e+01 2.411833329999999975e+01 1.004614063082076036e+01 4.108884914019830109e-02 1.017123573862176578e+01 1.871531711679105467e-02 -1.250951078010054118e-01 4.515037783283797762e-02
5.658637329999999821e+01 2.396190179999999970e+01 8.372700000000000031e+00 5.684316141806329548e-02 8.887394791431455943e+00 2.888809439133231682e-02 -5.146947914314559114e-01 6.376258305277889005e-02
5.720355090000000331e+01 2.434270310000000137e+01 1.036847264184041428e+01 1.000977271007851138e-01 1.032510614053320985e+01 4.314914608148455455e-02 4.336650130720443030e-02 1.090018521783210070e-01
5.627533350000000212e+01 2.416435209999999856e+01 1.368163379280257530e+01 5.976261892151578381e-02 1.136249956700501151e+01 1.593548890684994279e-01 2.319134225797563786e+00 1.701926887101560260e-01
5.663059290000000345e+01 2.411630159999999989e+01 1.103716667778949656e+01 1.872368039588907518e-01 1.087670374078416025e+01 3.084309900574989244e-02 1.604629370053363147e-01 1.897601578651814114e-01
5.635899909999999835e+01 2.403466999999999842e+01 5.473898050125788117e+00 8.406908275222509108e-03 6.164421804008081374e+00 6.698811303806656743e-03 -6.905237538822932564e-01 1.074942694435440833e-02
5.643967150000000288e+01 2.396321030000000007e+01 9.826841667914981926e+00 5.396894013740919510e-02 1.014753894472983120e+01 3.302043984686073991e-02 -3.206972768148492747e-01 6.326923381261546908e-02
5.661844690000000213e+01 2.443460779999999843e+01 8.311633860304317167e+00 1.718342438245953896e-02 8.397679692893390779e+00 1.139602602672767223e-02 -8.604583258907361198e-02 2.061891080318161568e-02
5.711808359999999851e+01 2.409229429999999894e+01 9.903039395929267741e+00 3.520724096912146439e-02 9.620282721602816167e+00 1.711118643358900196e-02 2.827566743264515736e-01 3.914514679781933709e-02
5.733002199999999959e+01 2.425375929999999869e+01 8.761874826358054591e+00 2.103511474721364224e-02 9.001208927709516416e+00 1.157285845503690756e-02 -2.393341013514618254e-01 2.400847986126493708e-02
5.675419000000000125e+01 2.397009650000000036e+01 9.735800000000001120e+00 1.071061156050390900e-01 1.105098749945635461e+01 8.633607967750452084e-02 -1.315187499456353493e+00 1.375704861301304260e-01
5.675070399999999893e+01 2.398300340000000119e+01 8.749137671287192219e+00 1.428914041334590837e-02 8.618539506115398652e+00 8.279963481680186616e-03 1.305981651717935677e-01 1.651476094317664428e-02
5.747283180000000158e+01 2.402954619999999863e+01 1.046215315011904323e+01 7.644409469749659236e-02 1.035105958568886919e+01 3.303809862110176215e-02 1.110935644301740410e-01 8.327794170497655746e-02
5.624241200000000163e+01 2.434525809999999879e+01 1.067490000000000094e+01 2.289473847852384059e-01 1.204546248226553828e+01 4.897454812861636864e-01 -1.370562482265537341e+00 5.406177405896112065e-01
5.698382959999999997e+01 2.420612939999999824e+01 9.647611543236926934e+00 4.828245102645710440e-02 1.010208331979294449e+01 3.077177150567742339e-02 -4.544717765560175593e-01 5.725466792078921785e-02
5.606104979999999927e+01 2.410164729999999977e+01 7.160132263978745470e+00 1.555175196819301789e-02 7.529144773435474391e+00 1.005185277423101785e-02 -3.690125094567289210e-01 1.851747103345948581e-02
5.623741559999999851e+01 2.448684400000000139e+01 1.338620000000000054e+01 1.088450733841454104e-01 1.134239223638793348e+01 9.364370432210929185e-02 2.043807763612067063e+00 1.435840985595780717e-01
5.660757139999999765e+01 2.403061059999999927e+01 1.032108662951739753e+01 7.181320840992236332e-02 1.087588796757974663e+01 3.625621138487823691e-02 -5.548013380623491031e-01 8.044656466320931898e-02
5.645275039999999933e+01 2.434952949999999916e+01 8.342830463516138551e+00 3.279289450804354078e-02 1.018980000000000352e+01 6.462294484159630814e-02 -1.846969536483864971e+00 7.246722659392776378e-02
5.623518680000000103e+01 2.443263049999999836e+01 7.337320642645647872e+00 1.202813722398476601e-02 7.712424632920070522e+00 8.044801619502063225e-03 -3.751039902744226495e-01 1.447048437945844951e-02
5.681954489999999680e+01 2.412845929999999939e+01 6.751982833483203272e+00 1.135279831585716062e-02 6.942167320655856955e+00 5.859829750730089631e-03 -1.901844871726536823e-01 1.277590052826299387e-02
5.626284880000000044e+01 2.456101530000000110e+01 1.368720000000000070e+01 1.186001686339441807e-01 1.181905929803193978e+01 1.477085949401349407e-01 1.868140701968060924e+00 1.894302748221330379e-01
5.598238800000000026e+01 2.442618969999999834e+01 1.181709999999999994e+01 6.427438992320346767e-01 1.151000707215065155e+01 1.059544349429020343e-01 3.070929278493483849e-01 6.514185001088544924e-01
5.646519779999999855e+01 2.403823609999999888e+01 5.468485205195443122e+00 8.354127371790396467e-03 6.183000623407443719e+00 5.749927042945597762e-03 -7.145154182120005970e-01 1.014165199281135896e-02
5.666121299999999650e+01 2.399555820000000139e+01 9.249422180328016552e+00 2.615358613653316622e-02 9.071482521017271594e+00 1.190062897587755575e-02 1.779396593107449576e-01 2.873386569577014368e-02
5.710870839999999760e+01 2.404847750000000062e+01 7.445898299534770892e+00 1.183608845437932044e-02 7.926000448830319733e+00 6.501870230990101918e-03 -4.801021492955488412e-01 1.350434398260525262e-02
5.662072249999999940e+01 2.397336980000000040e+01 9.481976060847159715e+00 4.497525937288867487e-02 1.001943764302126816e+01 2.391349574209655077e-02 -5.374615821741084432e-01 5.093750321978768314e-02
5.729847290000000015e+01 2.423618989999999940e+01 8.646041412485473643e+00 1.851360094520726127e-02 8.930967431152167180e+00 1.167646401352316621e-02 -2.849260186666935368e-01 2.188819845984316809e-02
5.720368419999999787e+01 2.426788630000000069e+01 8.064112137778936429e+00 1.417764188129776864e-02 7.929820115540445080e+00 1.100860495462483227e-02 1.342920222384913487e-01 1.794978864391775716e-02
5.629209149999999795e+01 2.426233999999999824e+01 1.170540518618413373e+01 4.982222103305040950e-02 1.035773120768010003e+01 2.400201773867873672e-02 1.347673978504033698e+00 5.530235586477288273e-02
5.683676849999999803e+01 2.411879240000000024e+01 4.953635835759223838e+00 1.075956858621302491e-02 6.084948898607186685e+00 5.744530493997227968e-03 -1.131313062847962847e+00 1.219704664080146009e-02
5.647710109999999872e+01 2.425294639999999902e+01 9.558687046462452486e+00 2.784106106595018656e-02 8.990376727127468826e+00 9.070797755475959803e-03 5.683103193349836602e-01 2.928146262055082369e-02
5.639410699999999821e+01 2.392681929999999824e+01 9.640042256064942805e+00 3.641474703109802424e-02 9.567120792375561678e+00 2.133995683704835097e-02 7.292146368938112744e-02 4.220696102713329678e-02
5.660058320000000265e+01 2.436172099999999929e+01 9.729905347892902512e+00 3.092002692860834276e-02 9.590769913040212202e+00 1.904361581739626164e-02 1.391354348526903095e-01 3.631401063868393980e-02
5.638689339999999817e+01 2.430343930000000086e+01 9.907998063138411027e+00 3.733770353315434692e-02 9.863082347352785106e+00 1.504370615906870309e-02 4.491571578562592038e-02 4.025440597164648554e-02
5.599143879999999740e+01 2.429442690000000127e+01 1.062160312846577703e+01 5.413596253155023019e-02 1.022827881167447117e+01 2.759403508066597330e-02 3.933243167913058613e-01 6.076292628939487794e-02
5.674874040000000264e+01 2.433194019999999824e+01 8.791178050792376908e+00 1.429324151021428742e-02 8.596201530538342794e+00 9.568429414303671054e-03 1.949765202540341136e-01 1.720033704105313616e-02
5.611015170000000296e+01 2.422125379999999950e+01 9.962670388922093778e+00 5.815996485331616922e-02 1.013712852063472170e+01 2.486601630609205568e-02 -1.744581317126279174e-01 6.325267013078426925e-02
5.619075889999999873e+01 2.411542719999999917e+01 1.295924493258046972e+01 7.893155827555362047e-02 9.789500000000000313e+00 5.866191268617142185e-02 3.169744932580469410e+00 9.834333170991878259e-02
5.651048349999999942e+01 2.389735419999999877e+01 9.945826315251309779e+00 5.400366068446997569e-02 9.788973836917532978e+00 2.480463336734228114e-02 1.568524783337768014e-01 5.942781506846468720e-02
5.717691990000000146e+01 2.433229740000000163e+01 8.447649802246953499e+00 1.326487601211163818e-02 8.355832839347174357e+00 8.983039936063801079e-03 9.181696289977914205e-02 1.602036023657433042e-02
5.627677020000000141e+01 2.426322289999999882e+01 5.971203062991869537e+00 1.015687453610014494e-02 6.526632493029449478e+00 5.508418380847045909e-03 -5.554294300375799409e-01 1.155442657168814780e-02
5.684791500000000042e+01 2.409114780000000167e+01 8.490099999999999980e+00 5.851175095653863428e-02 9.279609889238299658e+00 1.678987537612133471e-02 -7.895098892382996780e-01 6.087302288490103325e-02
5.719141619999999904e+01 2.432920479999999941e+01 9.017314148858121214e+00 2.599060421233276991e-02 9.315479904893752661e+00 1.621741474652136153e-02 -2.981657560356314463e-01 3.063520929229663833e-02
5.607597750000000048e+01 2.426639839999999992e+01 7.832693307561505947e+00 9.708280420878087277e-03 8.087752013304816856e+00 6.293242726872946488e-03 -2.550587057433109095e-01 1.156959864255212821e-02
5.628855709999999846e+01 2.432529789999999892e+01 1.385833838167883947e+01 8.895858566994901961e-02 1.136314128125344780e+01 8.958515509988172754e-02 2.495197100425391667e+00 1.262502672419647809e-01
5.684116219999999942e+01 2.401894040000000174e+01 1.117593132983957815e+01 1.721210272399550656e-01 1.076550661841037915e+01 3.085061392346951856e-02 4.104247114291990073e-01 1.748639711249642403e-01
5.682570249999999845e+01 2.403634040000000027e+01 1.053408225691880951e+01 9.383110859441941287e-02 1.047062676823125038e+01 2.431805866950964568e-02 6.345548868755912508e-02 9.693113492326108083e-02
5.686533260000000212e+01 2.413746880000000061e+01 9.473200000000000287e+00 8.962700485902672098e-02 9.906042374060792355e+00 1.785224545607324090e-02 -4.328423740607920678e-01 9.138765052141283041e-02
5.635450509999999724e+01 2.411334859999999836e+01 1.020283223317834853e+01 5.164612033029202659e-02 9.794504655421121697e+00 2.524262829763994354e-02 4.083275777572268339e-01 5.748488521814944241e-02
5.633069110000000279e+01 2.418005970000000104e+01 7.183181370574699187e+00 1.545744652367322947e-02 7.971827914439686857e+00 6.525684339218009930e-03 -7.886465438649876702e-01 1.677847457688966606e-02
5.599055260000000089e+01 2.430881219999999843e+01 1.490520000000000067e+01 1.890397841725386663e-01 1.189690761111292616e+01 2.038870538801867416e-01 3.008292388887074509e+00 2.780395129112805952e-01
5.712601070000000192e+01 2.443066719999999847e+01 8.869431736630904339e+00 2.779400410627426779e-02 8.843959574581893079e+00 1.904237057196705996e-02 2.547216204901125991e-02 3.369152031683503301e-02
5.626871820000000213e+01 2.431168070000000014e+01 1.342709999999999937e+01 1.101391846710333966e-01 1.099210000000000065e+01 1.083213736988227066e-01 2.434999999999998721e+00 1.544802900049064287e-01
5.689051469999999711e+01 2.412112829999999875e+01 8.467318190254541577e+00 4.126957852632506807e-02 9.248487050849984570e+00 2.633012712271011815e-02 -7.811688605954429931e-01 4.895358726425047546e-02
5.663063180000000330e+01 2.433426869999999909e+01 1.042547899947939172e+01 1.002507643771593238e-01 1.044336746451248565e+01 3.958212870505562614e-02 -1.788846503309393654e-02 1.077820053210567508e-01
5.662573799999999835e+01 2.422174139999999909e+01 1.025538558086834406e+01 4.386282609783773850e-02 1.051462389310234258e+01 2.269120744500549916e-02 -2.592383122339985135e-01 4.938459687596354758e-02
5.699629639999999853e+01 2.409984220000000121e+01 7.546620277211807171e+00 9.511591607087400979e-03 7.867672641818847623e+00 6.528788136808749872e-03 -3.210523646070404524e-01 1.153670011031534756e-02
5.658406190000000180e+01 2.400856339999999989e+01 1.025600145737819879e+01 4.939679048746999090e-02 1.023460964615323832e+01 2.160181093746786976e-02 2.139181122496047749e-02 5.391364526945949254e-02
5.620324130000000196e+01 2.405561840000000018e+01 8.615304757994620033e+00 2.149290177714489186e-02 8.768867834366725234e+00 1.279334209736091021e-02 -1.535630763721052006e-01 2.501228555774351672e-02
5.729673609999999684e+01 2.413618479999999877e+01 4.866994601180251401e+00 1.257280825135326241e-02 4.851782709279364170e+00 9.135658781394124378e-03 1.521189190088723109e-02 1.554142106421932922e-02
5.665636450000000224e+01 2.400845610000000008e+01 1.142370000000000019e+01 5.733324907939544302e-01 1.163275034097391369e+01 1.373640988834745613e-01 -2.090503409739135066e-01 5.895583437303459906e-01
5.653685879999999742e+01 2.422560169999999857e+01 1.155401349735446459e+01 3.730003124308163276e-01 1.141840165333010226e+01 7.945728294933555869e-02 1.356118440243623269e-01 3.813694965347613763e-01
5.642223239999999862e+01 2.428873630000000006e+01 7.202041786351187191e+00 1.055660578523591291e-02 7.430596096575552423e+00 7.259499936229664094e-03 -2.285543102243652314e-01 1.281180178698510842e-02
5.706471770000000276e+01 2.428487750000000034e+01 8.907229851197676851e+00 2.781792075746050003e-02 9.236487395039841175e+00 1.543408644444460402e-02 -3.292575438421643241e-01 3.181269777373400137e-02
5.666938960000000236e+01 2.386446330000000060e+01 1.156390000000000029e+01 6.524021037673009005e-01 1.116841025058519854e+01 9.951376769075923057e-02 3.954897494148017500e-01 6.599481002018343645e-01
5.622801679999999891e+01 2.439517160000000118e+01 1.071222821950008708e+01 1.437051772511984959e-01 1.077960241454407608e+01 4.633804716766116299e-02 -6.737419504398900472e-02 1.509913659257070551e-01
5.620495220000000103e+01 2.454335120000000003e+01 1.319420000000000037e+01 1.040048075811882827e-01 1.241449409596019926e+01 2.998541853421243242e-01 7.797059040398011120e-01 3.173791619927008312e-01
5.741367300000000284e+01 2.422776610000000019e+01 8.943035349698758907e+00 2.113004917969627666e-02 1.005732583122250290e+01 2.297606668275501557e-02 -1.114290481523743992e+00 3.121503833966552191e-02
5.643326919999999802e+01 2.403719909999999871e+01 1.129370000000000118e+01 5.091937548713652006e-01 1.228649087741850643e+01 6.286290439913159167e-01 -9.927908774185052465e-01 8.089825430436899945e-01
5.629577379999999920e+01 2.417772760000000076e+01 1.387315252508579455e+01 6.512523761504217246e-02 1.121637052005076285e+01 9.850589784054017417e-02 2.656782005035031702e+00 1.180877152111371869e-01
5.736720309999999756e+01 2.431041979999999825e+01 9.154808285742634055e+00 2.303057431546508618e-02 1.054601896530657790e+01 3.356149428544637214e-02 -1.391210679563943842e+00 4.070357787679369788e-02
5.628536679999999848e+01 2.420497780000000176e+01 1.175769709159303034e+01 5.848551214412376353e-01 1.083199823268033590e+01 5.064936057897299893e-02 9.256988589126944333e-01 5.870441813041874513e-01
5.626449649999999991e+01 2.441463969999999861e+01 1.042701735341039715e+01 1.222530697294167967e-01 1.126314046292250381e+01 6.240477661170251711e-02 -8.361231095121066659e-01 1.372594958544658961e-01
5.658214679999999674e+01 2.403523639999999872e+01 9.549368241733288798e+00 2.285128136928867015e-02 9.846477146547778503e+00 1.381700920093334971e-02 -2.971089048144897049e-01 2.670376009997611419e-02
5.693734690000000143e+01 2.422027359999999874e+01 1.020282276304748770e+01 8.129698895504298972e-02 1.033699475377537347e+01 3.266205315888883604e-02 -1.341719907278857704e-01 8.761284226476424852e-02
5.628062909999999874e+01 2.417680280000000081e+01 1.361829336864057183e+01 8.279616257605464102e-02 1.179660000000000153e+01 4.155883540235457696e-01 1.821693368640570299e+00 4.237556896813545748e-01
5.637119210000000180e+01 2.424565780000000004e+01 9.534887223852374305e+00 2.079949602485898358e-02 9.038189256144351091e+00 9.020403524843316131e-03 4.966979677080232136e-01 2.267127509954237896e-02
5.642241760000000284e+01 2.407559480000000107e+01 1.054371178179562207e+01 1.399171859666010209e-01 1.121888700270179129e+01 4.251202257196493028e-02 -6.751752209061692156e-01 1.462330024036013199e-01
5.736401759999999683e+01 2.421736310000000003e+01 1.075059150256325502e+01 1.571972523241404185e-01 1.060802284173533749e+01 5.449874713984800834e-02 1.425686608279175260e-01 1.663763492148825907e-01
5.605406159999999716e+01 2.403076330000000027e+01 7.538229656364515918e+00 1.553658458532230537e-02 7.778112682607254413e+00 1.016202653700913443e-02 -2.398830262427384952e-01 1.856481198169678687e-02
5.664627589999999913e+01 2.399120939999999891e+01 9.373285209701510468e+00 2.729540950662574794e-02 9.207229522131695987e+00 1.263538614117284790e-02 1.660556875698144808e-01 3.007810437961372027e-02
5.683184700000000333e+01 2.400179950000000062e+01 9.805127300214278918e+00 3.126528119347853074e-02 9.724730884058454095e+00 1.357428077633697321e-02 8.039641615582482359e-02 3.408487797692862087e-02
5.663453179999999776e+01 2.428202780000000160e+01 8.393282277557363003e+00 5.204118764833234878e-02 1.118231263596236502e+01 7.586918479237950153e-02 -2.789030358405002019e+00 9.200227395509943951e-02
5.682133369999999672e+01 2.391401309999999825e+01 8.134090568407145838e+00 1.324845353024442507e-02 7.887522598422973985e+00 8.482299913857904716e-03 2.465679699841718531e-01 1.573120887826742406e-02
5.701068310000000139e+01 2.417736969999999985e+01 1.097837290243173136e+01 2.490880753084743493e-01 1.071878630640673258e+01 4.989216058951442129e-02 2.595865960249987836e-01 2.540356214178832173e-01
5.710141130000000231e+01 2.420674740000000114e+01 1.000018895971244604e+01 6.067246464751072793e-02 1.017857939013256363e+01 3.713133553137874798e-02 -1.783904304201175961e-01 7.113286191871706632e-02
5.639553289999999919e+01 2.441849709999999973e+01 1.008174358525494796e+01 1.229105889597134488e-01 1.180055406335269907e+01 1.870954967108877931e-01 -1.718810478097751115e+00 2.238565115602346445e-01
5.597537359999999751e+01 2.439879529999999974e+01 1.246852288492845595e+01 9.307258160997240459e-01 1.159516253756630988e+01 1.210447228019923549e-01 8.733603473621460722e-01 9.385639933817557790e-01
5.714120450000000062e+01 2.407993009999999856e+01 9.367102760404195649e+00 3.519144482128504225e-02 9.651731407492167847e+00 1.668145816991203900e-02 -2.846286470879721975e-01 3.894494620979819383e-02
5.653196859999999901e+01 2.406145160000000160e+01 7.669903449689225994e+00 9.691218038551285135e-03 7.917042782279757773e+00 6.492170258431970500e-03 -2.471393325905317795e-01 1.166481811839389406e-02
5.643442430000000343e+01 2.435641199999999884e+01 8.472062784738279007e+00 2.923126962270416671e-02 9.635379835556836525e+00 1.377943220263771855e-02 -1.163317050818557519e+00 3.231624785742176487e-02
5.698075790000000040e+01 2.430248089999999905e+01 1.012434714244027845e+01 6.353362689340566472e-02 9.960234385011844438e+00 2.511286062478516531e-02 1.641127574284340085e-01 6.831674403095017167e-02
5.685172029999999666e+01 2.391467580000000126e+01 6.310984231712315484e+00 1.194782925149046916e-02 6.715501475865632841e+00 6.447283077182476389e-03 -4.045172441533173568e-01 1.357637959472608562e-02
5.687703419999999710e+01 2.395515299999999925e+01 9.610985868893841655e+00 3.295459423089671519e-02 9.501980625711064832e+00 1.527727833970869351e-02 1.090052431827768231e-01 3.632355316309217319e-02
5.727940949999999987e+01 2.396740180000000109e+01 1.086929576008726883e+01 1.315345082505662844e-01 1.120686749168723217e+01 7.098051521978639145e-02 -3.375717315999633428e-01 1.494642445589734192e-01
5.708972510000000256e+01 2.406698049999999967e+01 1.091571294655871149e+01 3.369976583352674027e-01 1.102533367381673912e+01 6.159989008607798244e-02 -1.096207272580276282e-01 3.425813307552974529e-01
5.613781579999999849e+01 2.438475499999999840e+01 1.363844255079940559e+01 8.472271308276749235e-02 1.128855154852788267e+01 8.257999124432818805e-02 2.349891002271522922e+00 1.183105788423768207e-01
5.660432579999999803e+01 2.415775209999999973e+01 9.143800000000000594e+00 1.010475630581955248e-01 1.105897009102242734e+01 8.053333279818992996e-02 -1.915170091022426746e+00 1.292138835094124583e-01
5.707501479999999816e+01 2.409692559999999872e+01 9.988099863744096751e+00 6.973705354787990141e-02 9.933377851565460048e+00 2.273338006280102574e-02 5.472201217863670308e-02 7.334891414751569527e-02
5.614674519999999802e+01 2.400061589999999967e+01 1.063603153186463324e+01 1.275947211606148213e-01 1.050964163246741201e+01 4.442358037769932738e-02 1.263898993972212281e-01 1.351068738504039302e-01
5.667958269999999743e+01 2.402967780000000175e+01 1.065084166709793934e+01 1.409895059873700618e-01 1.109425502784735507e+01 3.926363962403541658e-02 -4.434133607494157303e-01 1.463546179493110111e-01
5.721321120000000349e+01 2.418370559999999969e+01 1.067923820924995049e+01 2.058634089297897707e-01 1.067415856647607697e+01 7.371530526926634019e-02 5.079642773873516148e-03 2.186634157035304560e-01
5.602192529999999948e+01 2.429062120000000036e+01 1.142647782875983253e+01 3.358354817733159581e-01 1.134286856959990075e+01 1.318148501923581684e-01 8.360925915993178137e-02 3.607778063422819037e-01
5.697060280000000176e+01 2.430739279999999880e+01 1.075889838237773510e+01 1.506513798550762895e-01 1.081803688159973298e+01 6.691946493844408428e-02 -5.913849922199787557e-02 1.648455429785292414e-01
5.683683560000000057e+01 2.408054479999999842e+01 9.375563148574418193e+00 2.459234116221812802e-02 9.533006059896832696e+00 1.625930145288739456e-02 -1.574429113224145027e-01 2.948131828081631406e-02
5.744891619999999932e+01 2.413325700000000040e+01 1.118111956881726599e+01 2.499701055606890210e-01 9.812646450501874895e+00 2.126401749671479741e-02 1.368473118315391091e+00 2.508729003183137740e-01
5.655737690000000129e+01 2.419673039999999986e+01 6.347996611580178694e+00 6.612624290872662867e-03 6.307823712089063228e+00 5.668603944770684785e-03 4.017289949111546576e-02 8.709757212167797483e-03
5.727682659999999970e+01 2.403830340000000021e+01 8.600411756228094617e+00 4.177896224425608346e-02 9.529485617033042644e+00 3.361698229134917060e-02 -9.290738608049480263e-01 5.362446442234979072e-02
5.632949169999999839e+01 2.415315490000000054e+01 9.487518054659183520e+00 3.424391421564153271e-02 9.610759571950106661e+00 1.634948809173961820e-02 -1.232415172909231416e-01 3.794669184092536868e-02
5.690372289999999822e+01 2.438402049999999832e+01 1.101566308000414729e+01 1.730178441289289271e-01 1.199326912838626669e+01 1.895369726781464537e-01 -9.776060483821193969e-01 2.566309381174038950e-01
5.624197290000000038e+01 2.444671530000000104e+01 1.363550000000000040e+01 1.168453679013421592e-01 9.188093233746769783e+00 3.171006163750035578e-02 4.447406766253230614e+00 1.210717473610341266e-01
5.601593650000000224e+01 2.418934439999999952e+01 8.850460808779992306e+00 2.476896624605800720e-02 9.240990162659251439e+00 1.340410125253596769e-02 -3.905293538792591335e-01 2.816330270558830076e-02
5.628902810000000301e+01 2.448106130000000036e+01 8.170761849316557246e+00 2.080123286923725445e-02 8.364085630443520714e+00 1.369186693584245260e-02 -1.933237811269634676e-01 2.490298193126783133e-02
5.668156110000000325e+01 2.425741610000000037e+01 1.001245856265352430e+01 3.125418376035010021e-02 1.000263643162839067e+01 1.538051785434702348e-02 9.822131025133629123e-03 3.483366664584162248e-02
5.728623720000000219e+01 2.436958699999999922e+01 1.011288524358655749e+01 9.243266370692972134e-02 1.045948890815406784e+01 4.653607904352700941e-02 -3.466036645675103500e-01 1.034862501625397474e-01
5.699160390000000120e+01 2.399047360000000140e+01 1.083146674822427435e+01 1.352191976697536546e-01 1.051194047566490042e+01 3.930698309925850092e-02 3.195262725593739361e-01 1.408164420045376064e-01
5.612757249999999942e+01 2.392660389999999992e+01 1.032158830487612100e+01 9.354285119003291626e-02 1.041143946115967367e+01 3.516475218840506289e-02 -8.985115628355266892e-02 9.993410231363757112e-02
5.674861649999999713e+01 2.438517290000000060e+01 7.938536680867919415e+00 1.245141114361278216e-02 8.477738159654409245e+00 1.346536221771215021e-02 -5.392014787864898295e-01 1.833994599559863464e-02
5.640570269999999908e+01 2.426449840000000080e+01 1.088857246859116223e+01 4.991789808592995981e-02 9.939723893488496387e+00 1.590798844677586074e-02 9.488485751026658477e-01 5.239141767255438981e-02
5.691803250000000247e+01 2.414938610000000097e+01 9.192114234016219854e+00 2.069930265290221769e-02 8.764256046883843965e+00 8.101983191289460068e-03 4.278581871323758890e-01 2.222843363686208273e-02
5.661383620000000150e+01 2.425513880000000100e+01 5.457915494613586382e+00 6.927640478857783821e-03 6.120720435134439086e+00 6.137662681444772464e-03 -6.628049405208527034e-01 9.255436553480810360e-03
5.650473279999999932e+01 2.442356339999999904e+01 1.029855515270879884e+01 7.511034384987637369e-02 1.048570248862687571e+01 4.232471378979067722e-02 -1.871473359180768625e-01 8.621452981159474782e-02
5.723395390000000305e+01 2.402399300000000082e+01 9.578146451383258153e+00 3.903800581216901322e-02 8.615847881703746936e+00 9.472844709459646642e-03 9.622985696795112176e-01 4.017089350114681073e-02
5.614103219999999794e+01 2.421218329999999952e+01 9.930265430452848818e+00 6.136763837277334210e-02 9.864238668194001747e+00 2.047570881496317205e-02 6.602676225884707151e-02 6.469344395629779421e-02
5.696059840000000207e+01 2.416905919999999952e+01 1.116438977241392472e+01 2.108339235667316958e-01 1.066187475052723066e+01 4.616726662669878856e-02 5.025150218866940577e-01 2.158294693370744477e-01
5.696203969999999828e+01 2.436738829999999822e+01 8.300017561109427788e+00 1.631740125804446301e-02 8.811312350482488398e+00 1.486643726882610345e-02 -5.112947893730606097e-01 2.207416002669122801e-02
5.698823800000000261e+01 2.433023800000000136e+01 9.706798330822008936e+00 4.205167227451526990e-02 9.789104956551643255e+00 2.095537946018346392e-02 -8.230662572963431955e-02 4.698373196547412506e-02
5.620828589999999991e+01 2.441745320000000063e+01 1.058346389930769504e+01 7.276616172836065932e-02 1.045490843116388113e+01 3.199209651446659197e-02 1.285554681438139113e-01 7.948841759696116671e-02
5.657580279999999817e+01 2.395561070000000115e+01 3.818577199755765150e+00 1.255462177174830433e-02 7.341814353179969999e+00 6.704394384916097932e-03 -3.523237153424204848e+00 1.423261858900711982e-02
5.642055500000000023e+01 2.415846279999999879e+01 1.018720000000000070e+01 1.903747488507863961e-01 1.027622180931617102e+01 4.467980500437291475e-02 -8.902180931617031945e-02 1.955475133445290781e-01
5.655908019999999681e+01 2.439897949999999938e+01 1.032576468923863189e+01 8.818695235741075278e-02 1.071676737458930084e+01 4.196014722853490947e-02 -3.910026853506689548e-01 9.766059861340478654e-02
